12
Time_01
Time_02
Time_03
Time_04
Time_05
Time_06
Time_07
Time_08
Time_09
Time_10
Time_11
Time_12
0	104	599	639	657	452	472	578	143	629	625	105
104	0	703	565	585	348	368	536	247	733	521	209
599	703	0	338	803	574	535	703	742	664	238	704
639	565	338	0	465	549	197	365	782	326	100	534
657	585	803	465	0	334	268	100	659	384	565	552
452	348	574	549	334	0	602	434	359	718	449	557
472	368	535	197	268	602	0	168	615	523	297	414
578	536	703	365	100	434	168	0	559	484	465	582
143	247	742	782	659	359	615	559	0	772	768	248
629	733	664	326	384	718	523	484	772	0	426	556
625	521	238	100	565	449	297	465	768	426	0	634
105	209	704	534	552	557	414	582	248	556	634	0
4
4
5
