12
Time_01
Time_02
Time_03
Time_04
Time_05
Time_06
Time_07
Time_08
Time_09
Time_10
Time_11
Time_12
0	516	416	449	502	516	255	416	572	492	237	316
516	0	100	678	386	203	300	300	456	200	300	200
416	100	0	586	286	300	200	200	356	100	200	100
449	678	586	0	556	475	486	575	740	686	386	486
502	386	286	556	0	386	286	286	442	386	286	186
516	203	300	475	386	0	300	100	456	308	300	200
255	300	200	486	286	300	0	200	356	237	100	100
416	300	200	575	286	100	200	0	356	300	200	100
572	456	356	740	442	456	356	356	0	456	354	256
492	200	100	686	386	308	237	300	456	0	300	200
237	300	200	386	286	300	100	200	354	300	0	100
316	200	100	486	186	200	100	100	256	200	100	0
4
4
5
