12
Time_01
Time_02
Time_03
Time_04
Time_05
Time_06
Time_07
Time_08
Time_09
Time_10
Time_11
Time_12
0	178	100	200	484	100	207	333	768	429	280	596
178	0	278	378	306	278	234	511	590	607	416	545
100	278	0	100	584	200	307	433	823	329	380	696
200	378	100	0	684	100	407	333	923	429	280	794
484	306	584	684	0	584	540	817	284	380	722	525
100	278	200	100	584	0	307	233	827	529	180	694
207	234	307	407	540	307	0	540	645	636	182	725
333	511	433	333	817	233	540	0	594	762	413	927
768	590	823	923	284	827	645	594	0	664	827	774
429	607	329	429	380	529	636	762	664	0	516	842
280	416	380	280	722	180	182	413	827	516	0	543
596	545	696	794	525	694	725	927	774	842	543	0
4
4
5
