12
Praia_Clube
Osasco
Minas
Sesc-Flamengo
Fluminense
Sesi-Bauru
Pinheiros
Barueri
Maringa
Brasilia
Mackenzie
Abel_Moda_Brusque
0	586	543	992	992	487	590	581	736	422	543	1195
586	0	607	449	449	312	24	12	630	1002	607	625
543	607	0	442	442	704	583	606	1062	733	5	1212
992	449	442	0	0	457	442	457	1074	1166	442	1078
992	449	442	0	0	457	442	457	1074	1166	442	1078
487	312	704	457	457	0	332	302	400	912	704	778
590	24	583	442	442	332	0	31	646	1005	583	630
581	12	606	457	457	302	31	0	618	1005	606	630
736	630	1062	1074	1074	400	646	618	0	1157	1062	664
422	1002	733	1166	1166	912	1005	1005	1157	0	733	1615
543	607	5	442	442	704	583	606	1062	733	0	1212
1195	625	1212	1078	1078	778	630	630	664	1615	1212	0
4
4
5
